  2.000000  4.432099
  1.950000  4.580247
  1.900000  4.432099
  1.850000  4.580247
  1.800000  4.580247
  1.750000  4.432099
  1.700000  4.283951
  1.650000  3.950617
  1.600000  3.765432
  1.550000  3.654321
  1.500000  3.506173
  1.450000  3.320988
  1.400000  3.172840
  1.350000  2.913580
  1.300000  2.839506
  1.250000  2.691358
  1.200000  2.432099
  1.150000  2.358025
  1.100000  2.098765
  1.050000  1.876543
  1.000000  1.722222
  0.950000  1.703704
  0.900000  1.629630
  0.850000  1.555556
  0.800000  1.555556
  0.750000  1.370370
  0.700000  1.111111
  0.650000  1.111111
  0.600000  0.962963
  0.550000  0.925926
  0.500000  0.851852
  0.450000  0.777778
  0.400000  0.518519
  0.350000  0.481481
  0.300000  0.407407
  0.250000  0.370370
  0.200000  0.296296
  0.150000  0.111111
  0.100000  0.074074
  0.050000  0.037037
  0.000000  0.000000
 -2.000000  2.858025
 -1.950000  2.709877
 -1.900000  2.635802
 -1.850000  2.598765
 -1.800000  2.450617
 -1.750000  2.413580
 -1.700000  2.265432
 -1.650000  2.018519
 -1.600000  1.944444
 -1.550000  1.722222
 -1.500000  1.537037
 -1.450000  1.500000
 -1.400000  1.351852
 -1.350000  1.314815
 -1.300000  1.166667
 -1.250000  1.018519
 -1.200000  0.944444
 -1.150000  0.944444
 -1.100000  0.796296
 -1.050000  0.722222
 -1.000000  0.611111
 -0.950000  0.611111
 -0.900000  0.648148
 -0.850000  0.462963
 -0.800000  0.277778
 -0.750000  0.314815
 -0.700000  0.277778
 -0.650000  0.228395
 -0.600000  0.129630
 -0.550000  0.129630
 -0.500000  0.018519
 -0.450000  0.000000
 -0.400000  0.000000
 -0.350000  0.000000
 -0.300000  0.000000
 -0.250000  0.000000
 -0.200000  0.000000
 -0.150000  0.000000
 -0.100000  0.000000
 -0.050000  0.000000
