% E-Ef, T
 -5.000000  1.084201
 -4.950000  1.063368
 -4.900000  1.037326
 -4.850000  1.006076
 -4.800000  0.995660
 -4.750000  0.974826
 -4.700000  0.964410
 -4.650000  0.917535
 -4.600000  0.901910
 -4.550000  0.901910
 -4.500000  0.881076
 -4.450000  0.886285
 -4.400000  1.089410
 -4.350000  1.245660
 -4.300000  1.459201
 -4.250000  1.662326
 -4.200000  1.844618
 -4.150000  2.047743
 -4.100000  2.219618
 -4.050000  2.271701
 -4.000000  2.365451
 -3.950000  2.334201
 -3.900000  2.365451
 -3.850000  2.412326
 -3.800000  2.412326
 -3.750000  2.474826
 -3.700000  2.506076
 -3.650000  2.547743
 -3.600000  2.584201
 -3.550000  2.625868
 -3.500000  2.719618
 -3.450000  2.745660
 -3.400000  2.750868
 -3.350000  2.896701
 -3.300000  2.865451
 -3.250000  2.886285
 -3.200000  3.058160
 -3.150000  3.032118
 -3.100000  3.131076
 -3.050000  3.193576
 -3.000000  3.245660
 -2.950000  3.313368
 -2.900000  3.427951
 -2.850000  3.495660
 -2.800000  3.500868
 -2.750000  3.521701
 -2.700000  3.469618
 -2.650000  3.448785
 -2.600000  3.474826
 -2.550000  3.443576
 -2.500000  3.422743
 -2.450000  3.407118
 -2.400000  3.422743
 -2.350000  3.355035
 -2.300000  3.407118
 -2.250000  3.318576
 -2.200000  3.323785
 -2.150000  3.344618
 -2.100000  3.240451
 -2.050000  3.276910
 -2.000000  3.266493
 -1.950000  3.188368
 -1.900000  3.167535
 -1.850000  3.125868
 -1.800000  3.063368
 -1.750000  3.047743
 -1.700000  2.980035
 -1.650000  2.938368
 -1.600000  2.865451
 -1.550000  2.828993
 -1.500000  2.766493
 -1.450000  2.714410
 -1.400000  2.620660
 -1.350000  2.552951
 -1.300000  2.422743
 -1.250000  2.313368
 -1.200000  2.049479
 -1.150000  1.924479
 -1.100000  1.731771
 -1.050000  1.632813
 -1.000000  1.486979
 -0.950000  1.351563
 -0.900000  1.268229
 -0.850000  1.174479
 -0.800000  1.085937
 -0.750000  0.966146
 -0.700000  0.908854
 -0.650000  0.809896
 -0.600000  0.721354
 -0.550000  0.679688
 -0.500000  0.591146
 -0.450000  0.528646
 -0.400000  0.476563
 -0.350000  0.372396
 -0.300000  0.341146
 -0.250000  0.283854
 -0.200000  0.205729
 -0.150000  0.148438
 -0.100000  0.091146
 -0.050000  0.018229
  0.000000  0.000000
  0.050000  0.000000
  0.100000  0.000000
  0.150000  0.000000
  0.200000  0.000000
  0.250000  0.000000
  0.300000  0.000000
  0.350000  0.000000
  0.400000  0.000000
  0.450000  0.000000
  0.500000  0.010417
  0.550000  0.067708
  0.600000  0.140625
  0.650000  0.229167
  0.700000  0.333333
  0.750000  0.416667
  0.800000  0.510417
  0.850000  0.583333
  0.900000  0.703125
  0.950000  0.791667
  1.000000  0.901042
  1.050000  1.005208
  1.100000  1.088542
  1.150000  1.203125
  1.200000  1.286458
  1.250000  1.401042
  1.300000  1.515625
  1.350000  1.593750
  1.400000  1.697917
  1.450000  1.817708
  1.500000  1.956597
  1.550000  2.112847
  1.600000  2.248264
  1.650000  2.440972
  1.700000  2.560764
  1.750000  2.711806
  1.800000  2.883681
  1.850000  3.071181
  1.900000  3.251736
  1.950000  3.446181
  2.000000  3.602431
  2.050000  3.810764
  2.100000  3.998264
  2.150000  4.269097
  2.200000  4.435764
  2.250000  4.461806
  2.300000  4.524306
  2.350000  4.560764
  2.400000  4.503472
  2.450000  4.456597
  2.500000  4.446181
  2.550000  4.386285
  2.600000  4.197049
  2.650000  4.113715
  2.700000  4.019965
  2.750000  3.952257
  2.800000  3.844618
  2.850000  3.790799
  2.900000  3.754340
  2.950000  3.669271
  3.000000  3.566840
