% E-Ef, T
 -5.000000  0.675835
 -4.950000  0.661587
 -4.900000  0.644784
 -4.850000  0.641479
 -4.800000  0.644623
 -4.750000  0.646531
 -4.700000  0.646331
 -4.650000  0.645197
 -4.600000  0.655796
 -4.550000  0.688280
 -4.500000  0.692706
 -4.450000  0.689495
 -4.400000  0.720246
 -4.350000  0.825890
 -4.300000  0.917315
 -4.250000  0.978471
 -4.200000  1.066334
 -4.150000  1.128897
 -4.100000  1.250872
 -4.050000  1.275590
 -4.000000  1.309168
 -3.950000  1.297455
 -3.900000  1.303275
 -3.850000  1.334836
 -3.800000  1.353884
 -3.750000  1.427834
 -3.700000  1.433457
 -3.650000  1.482633
 -3.600000  1.526321
 -3.550000  1.600621
 -3.500000  1.625792
 -3.450000  1.692850
 -3.400000  1.718127
 -3.350000  1.771694
 -3.300000  1.794117
 -3.250000  1.795224
 -3.200000  1.829119
 -3.150000  1.831639
 -3.100000  1.869996
 -3.050000  1.860040
 -3.000000  1.881801
 -2.950000  1.922931
 -2.900000  1.893479
 -2.850000  1.833730
 -2.800000  1.763466
 -2.750000  1.740087
 -2.700000  1.738253
 -2.650000  1.733821
 -2.600000  1.703674
 -2.550000  1.634816
 -2.500000  1.581986
 -2.450000  1.582137
 -2.400000  1.604782
 -2.350000  1.558878
 -2.300000  1.601986
 -2.250000  1.614054
 -2.200000  1.644860
 -2.150000  1.629649
 -2.100000  1.561770
 -2.050000  1.576389
 -2.000000  1.585808
 -1.950000  1.584023
 -1.900000  1.528398
 -1.850000  1.470206
 -1.800000  1.424909
 -1.750000  1.382598
 -1.700000  1.322227
 -1.650000  1.268790
 -1.600000  1.231795
 -1.550000  1.204014
 -1.500000  1.124008
 -1.450000  1.087598
 -1.400000  1.044160
 -1.350000  0.995166
 -1.300000  0.951655
 -1.250000  0.893432
 -1.200000  0.836926
 -1.150000  0.794652
 -1.100000  0.738319
 -1.050000  0.722871
 -1.000000  0.679920
 -0.950000  0.635096
 -0.900000  0.610987
 -0.850000  0.570843
 -0.800000  0.524032
 -0.750000  0.500843
 -0.700000  0.484992
 -0.650000  0.441265
 -0.600000  0.407781
 -0.550000  0.366348
 -0.500000  0.329382
 -0.450000  0.311318
 -0.400000  0.262289
 -0.350000  0.217104
 -0.300000  0.205545
 -0.250000  0.170011
 -0.200000  0.122528
 -0.150000  0.084849
 -0.100000  0.050045
 -0.050000  0.005751
  0.000000  0.000000
  0.050000  0.000000
  0.100000  0.000000
  0.150000  0.000000
  0.200000  0.000000
  0.250000  0.000000
  0.300000  0.000000
  0.350000  0.000000
  0.400000  0.000000
  0.450000  0.000000
  0.500000  0.000673
  0.550000  0.020230
  0.600000  0.054788
  0.650000  0.084665
  0.700000  0.107544
  0.750000  0.161259
  0.800000  0.192974
  0.850000  0.233340
  0.900000  0.268966
  0.950000  0.318302
  1.000000  0.334819
  1.050000  0.376712
  1.100000  0.458552
  1.150000  0.507031
  1.200000  0.548943
  1.250000  0.585867
  1.300000  0.647801
  1.350000  0.685762
  1.400000  0.771081
  1.450000  0.808171
  1.500000  0.919646
  1.550000  1.003658
  1.600000  1.072088
  1.650000  1.175060
  1.700000  1.242380
  1.750000  1.362788
  1.800000  1.466474
  1.850000  1.572391
  1.900000  1.650367
  1.950000  1.782599
  2.000000  1.882570
  2.050000  1.992492
  2.100000  2.121197
  2.150000  2.252832
  2.200000  2.366109
  2.250000  2.404390
  2.300000  2.467302
  2.350000  2.504800
  2.400000  2.515507
  2.450000  2.501145
  2.500000  2.507623
  2.550000  2.489298
  2.600000  2.452622
  2.650000  2.419763
  2.700000  2.363619
  2.750000  2.326396
  2.800000  2.244179
  2.850000  2.203511
  2.900000  2.181111
  2.950000  2.093668
  3.000000  1.954674
