 -5.000000  0.685879
 -4.950000  0.664035
 -4.900000  0.625848
 -4.850000  0.630939
 -4.800000  0.646798
 -4.750000  0.656734
 -4.700000  0.656493
 -4.650000  0.641020
 -4.600000  0.635911
 -4.550000  0.684308
 -4.500000  0.715948
 -4.450000  0.713796
 -4.400000  0.748345
 -4.350000  0.822463
 -4.300000  0.917334
 -4.250000  0.984283
 -4.200000  1.055071
 -4.150000  1.118057
 -4.100000  1.258413
 -4.050000  1.225026
 -4.000000  1.314864
 -3.950000  1.344589
 -3.900000  1.321792
 -3.850000  1.332847
 -3.800000  1.356727
 -3.750000  1.442973
 -3.700000  1.398110
 -3.650000  1.493107
 -3.600000  1.546283
 -3.550000  1.623700
 -3.500000  1.609940
 -3.450000  1.668750
 -3.400000  1.711802
 -3.350000  1.718043
 -3.300000  1.808421
 -3.250000  1.854479
 -3.200000  1.862711
 -3.150000  1.808493
 -3.100000  1.824245
 -3.050000  1.870994
 -3.000000  1.941107
 -2.950000  1.941008
 -2.900000  1.938395
 -2.850000  1.835601
 -2.800000  1.700224
 -2.750000  1.772003
 -2.700000  1.785814
 -2.650000  1.811014
 -2.600000  1.731532
 -2.550000  1.608343
 -2.500000  1.502023
 -2.450000  1.527165
 -2.400000  1.615751
 -2.350000  1.622222
 -2.300000  1.625988
 -2.250000  1.548160
 -2.200000  1.586383
 -2.150000  1.609850
 -2.100000  1.528347
 -2.050000  1.537629
 -2.000000  1.538404
 -1.950000  1.536458
 -1.900000  1.512583
 -1.850000  1.430111
 -1.800000  1.375313
 -1.750000  1.354314
 -1.700000  1.274201
 -1.650000  1.213723
 -1.600000  1.178789
 -1.550000  1.125441
 -1.500000  1.109909
 -1.450000  1.078002
 -1.400000  0.998487
 -1.350000  1.013525
 -1.300000  0.953942
 -1.250000  0.903097
 -1.200000  0.857953
 -1.150000  0.785262
 -1.100000  0.715884
 -1.050000  0.713928
 -1.000000  0.678822
 -0.950000  0.627757
 -0.900000  0.622060
 -0.850000  0.588780
 -0.800000  0.551809
 -0.750000  0.509289
 -0.700000  0.494914
 -0.650000  0.449744
 -0.600000  0.414190
 -0.550000  0.321730
 -0.500000  0.336096
 -0.450000  0.349621
 -0.400000  0.269357
 -0.350000  0.230117
 -0.300000  0.245477
 -0.250000  0.157837
 -0.200000  0.125152
 -0.150000  0.087795
 -0.100000  0.049773
 -0.050000  0.002999
  0.000000  0.000000
  0.050000  0.000000
  0.100000  0.000000
  0.150000  0.000000
  0.200000  0.000000
  0.250000  0.000000
  0.300000  0.000000
  0.350000  0.000000
  0.400000  0.000000
  0.450000  0.000000
  0.500000  0.000438
  0.550000  0.025716
  0.600000  0.042192
  0.650000  0.094600
  0.700000  0.132405
  0.750000  0.139579
  0.800000  0.192836
  0.850000  0.277042
  0.900000  0.315983
  0.950000  0.272823
  1.000000  0.319532
  1.050000  0.416119
  1.100000  0.464759
  1.150000  0.495505
  1.200000  0.548424
  1.250000  0.574079
  1.300000  0.646831
  1.350000  0.699673
  1.400000  0.815754
  1.450000  0.807192
  1.500000  0.885934
  1.550000  0.968342
  1.600000  1.056356
  1.650000  1.178389
  1.700000  1.212882
  1.750000  1.337890
  1.800000  1.506847
  1.850000  1.541993
  1.900000  1.615574
  1.950000  1.777678
  2.000000  1.875502
  2.050000  2.054106
  2.100000  2.153570
  2.150000  2.172504
  2.200000  2.325348
  2.250000  2.408380
  2.300000  2.444522
  2.350000  2.485523
  2.400000  2.509455
  2.450000  2.557261
  2.500000  2.525167
  2.550000  2.438981
  2.600000  2.399363
  2.650000  2.374385
  2.700000  2.361633
  2.750000  2.396663
  2.800000  2.294818
  2.850000  2.252350
  2.900000  2.196712
  2.950000  2.055085
  3.000000  1.848964
