 -3.000000  1.142857
 -2.950000  1.173469
 -2.900000  1.234694
 -2.850000  1.357143
 -2.800000  1.846939
 -2.750000  1.602041
 -2.700000  1.561224
 -2.650000  1.653061
 -2.600000  1.785714
 -2.550000  1.724490
 -2.500000  2.000000
 -2.450000  2.061224
 -2.400000  1.938776
 -2.350000  1.938776
 -2.300000  2.091837
 -2.250000  2.091837
 -2.200000  1.846939
 -2.150000  1.785714
 -2.100000  1.714286
 -2.050000  1.755102
 -2.000000  1.744898
 -1.950000  1.806122
 -1.900000  1.877551
 -1.850000  1.755102
 -1.800000  2.000000
 -1.750000  1.877551
 -1.700000  1.938776
 -1.650000  2.122449
 -1.600000  2.183673
 -1.550000  2.489796
 -1.500000  2.326531
 -1.450000  2.510204
 -1.400000  2.326531
 -1.350000  2.846939
 -1.300000  2.479592
 -1.250000  2.428571
 -1.200000  2.795918
 -1.150000  2.602041
 -1.100000  2.744898
 -1.050000  2.897959
 -1.000000  3.285714
 -0.950000  3.387755
 -0.900000  3.132653
 -0.850000  3.306122
 -0.800000  3.040816
 -0.750000  2.846939
 -0.700000  3.102041
 -0.650000  2.561224
 -0.600000  2.734694
 -0.550000  2.244898
 -0.500000  1.877551
 -0.450000  1.387755
 -0.400000  1.010204
 -0.350000  0.775510
 -0.300000  0.438776
 -0.250000  0.244898
 -0.200000  0.244898
 -0.150000  0.183673
 -0.100000  0.183673
 -0.050000  0.000000
  0.000000  0.000000
  0.050000  0.000000
  0.100000  0.000000
  0.150000  0.061224
  0.200000  0.102041
  0.250000  0.193878
  0.300000  0.244898
  0.350000  0.183673
  0.400000  0.244898
  0.450000  0.397959
  0.500000  0.397959
  0.550000  0.397959
  0.600000  0.520408
  0.650000  1.142857
  0.700000  1.265306
  0.750000  1.448980
  0.800000  1.448980
  0.850000  1.785714
  0.900000  2.153061
  0.950000  1.724490
  1.000000  1.714286
  1.050000  1.897959
  1.100000  1.530612
  1.150000  1.173469
  1.200000  1.234694
  1.250000  1.602041
  1.300000  1.479592
  1.350000  1.602041
  1.400000  1.795918
  1.450000  2.091837
  1.500000  1.979592
  1.550000  2.030612
  1.600000  2.153061
  1.650000  1.908163
  1.700000  1.846939
  1.750000  2.153061
  1.800000  1.969388
  1.850000  2.397959
  1.900000  2.326531
  1.950000  2.081633
  2.000000  2.081633
  2.050000  1.959184
  2.100000  2.051020
  2.150000  1.928571
