 -3.000000  0.525568
 -2.950000  0.439662
 -2.900000  0.475470
 -2.850000  0.426498
 -2.800000  0.663735
 -2.750000  0.658791
 -2.700000  0.736581
 -2.650000  0.791388
 -2.600000  0.773974
 -2.550000  0.781533
 -2.500000  0.912762
 -2.450000  1.010389
 -2.400000  0.938109
 -2.350000  0.862718
 -2.300000  0.982831
 -2.250000  0.997588
 -2.200000  0.992670
 -2.150000  0.932589
 -2.100000  0.811183
 -2.050000  0.764499
 -2.000000  0.618607
 -1.950000  0.767109
 -1.900000  0.842679
 -1.850000  0.909053
 -1.800000  0.998004
 -1.750000  0.913844
 -1.700000  0.891052
 -1.650000  1.131554
 -1.600000  1.252502
 -1.550000  1.302940
 -1.500000  1.458020
 -1.450000  1.447350
 -1.400000  1.376706
 -1.350000  1.689631
 -1.300000  1.523343
 -1.250000  1.521937
 -1.200000  1.596622
 -1.150000  1.493173
 -1.100000  1.609795
 -1.050000  1.620556
 -1.000000  1.924036
 -0.950000  2.023404
 -0.900000  2.118139
 -0.850000  2.100457
 -0.800000  1.825905
 -0.750000  1.678194
 -0.700000  1.746429
 -0.650000  1.468087
 -0.600000  1.540244
 -0.550000  1.027433
 -0.500000  0.808064
 -0.450000  0.565631
 -0.400000  0.422322
 -0.350000  0.334083
 -0.300000  0.153772
 -0.250000  0.117837
 -0.200000  0.134505
 -0.150000  0.074072
 -0.100000  0.059821
 -0.050000  0.000000
  0.000000  0.000000
  0.050000  0.000000
  0.100000  0.000000  
  0.150000  0.001853
  0.200000  0.053022
  0.250000  0.078665
  0.300000  0.097694
  0.350000  0.093879
  0.400000  0.108640
  0.450000  0.201123
  0.500000  0.196468
  0.550000  0.170741
  0.600000  0.166826
  0.650000  0.388352
  0.700000  0.520981
  0.750000  0.651049
  0.800000  0.657513
  0.850000  0.814084
  0.900000  1.056357
  0.950000  1.015250
  1.000000  1.005622
  1.050000  0.972851
  1.100000  0.674226
  1.150000  0.594794
  1.200000  0.633844
  1.250000  0.747512
  1.300000  0.827764
  1.350000  0.887537
  1.400000  0.998989
  1.450000  1.106519
  1.500000  1.045709
  1.550000  1.063668
  1.600000  1.126843
  1.650000  1.031070
  1.700000  1.019824
  1.750000  0.936030
  1.800000  0.899290
  1.850000  0.999758
  1.900000  1.025708
  1.950000  0.943471
  2.000000  0.976627
  2.050000  0.937940
  2.100000  0.975074
  2.150000  0.841776
